1 2 1 81
2 2 1 89
3 2 9 81
4 2 9 89
5 2 191 11
6 2 191 19
7 2 199 11
8 2 199 19
9 2 3 73
10 2 3 77
11 2 7 73
12 2 7 77
13 2 193 23
14 2 193 27
15 2 197 23
16 2 197 27
17 2 5 65
18 2 195 35
19 2 5 35
20 2 195 65
21 2 3 23
22 2 3 27
23 2 7 23
24 2 7 27
25 2 193 73
26 2 193 77
27 2 197 73
28 2 197 77
29 2 1 11
30 2 1 19
31 2 9 11
32 2 9 19
33 2 191 81
34 2 191 89
35 2 199 81
36 2 199 89
37 1 55 52
38 1 55 58
39 1 65 54
40 1 65 56
41 1 72 55
42 1 78 55
43 1 72 95
44 1 78 95
45 1 65 94
46 1 65 96
47 1 55 92
48 1 55 98
49 1 55 2
50 1 55 8
51 1 65 4
52 1 65 6
53 1 72 5
54 1 78 5
55 1 55 42
56 1 55 48
57 1 65 44
58 1 65 46
59 1 72 45
60 1 78 45
61 1 145 52
62 1 145 58
63 1 135 54
64 1 135 56
65 1 122 55
66 1 128 55
67 1 122 95
68 1 128 95
69 1 135 94
70 1 135 96
71 1 145 92
72 1 145 98
73 1 145 2
74 1 145 8
75 1 135 4
76 1 135 6
77 1 122 5
78 1 128 5
79 1 145 42
80 1 145 48
81 1 135 44
82 1 135 46
83 1 122 45
84 1 128 45
85 1 162 52
86 1 164 54
87 1 166 56
88 1 175 55
89 1 177 57
90 1 179 59
91 1 162 92
92 1 164 94
93 1 166 96
94 1 175 95
95 1 177 97
96 1 179 99
97 1 162 2
98 1 164 4
99 1 166 6
100 1 175 5
101 1 177 7
102 1 179 9
103 1 162 42
104 1 164 44
105 1 166 46
106 1 175 45
107 1 177 47
108 1 179 49
109 1 38 52
110 1 36 54
111 1 34 56
112 1 25 55
113 1 23 57
114 1 21 59
115 1 38 92
116 1 36 94
117 1 34 96
118 1 25 95
119 1 23 97
120 1 21 99
121 1 38 2
122 1 36 4
123 1 34 6
124 1 25 5
125 1 23 7
126 1 21 9
127 1 38 42
128 1 36 44
129 1 34 46
130 1 25 45
131 1 23 47
132 1 21 49
133 2 92 95
134 2 98 95
135 2 102 5
136 2 108 5
137 2 92 5
138 2 98 5
139 2 102 95
140 2 108 95