1 1 5 N
2 2 6 N
3 3 7 N
4 4 8 N
5 9 13 N
6 10 14 N
7 11 15 N
8 12 16 N
9 17 18 N
10 19 20 N
11 21 25 N
12 22 26 N
13 23 27 N
14 24 28 N
15 29 33 N
16 30 34 N
17 31 35 N
18 32 36 N
19 37 47 N
20 38 48 N
21 39 45 N
22 40 46 N
23 41 43 N
24 42 44 N
25 49 56 Y
26 50 55 Y
27 51 58 Y
28 52 57 Y
29 53 60 Y
30 54 59 Y
31 61 71 Y
32 62 72 Y
33 63 69 Y
34 64 70 Y
35 65 67 Y
36 66 68 Y
37 73 80 N
38 74 79 N
39 75 82 N
40 76 81 N
41 77 84 N
42 78 83 N
43 85 91 N
44 86 92 N
45 87 93 N
46 88 94 N
47 89 95 N
48 90 96 N
49 97 103 Y
50 98 104 Y
51 99 105 Y
52 100 106 Y
53 101 107 Y
54 102 108 Y
55 109 115 Y
56 110 116 Y
57 111 117 Y
58 112 118 Y
59 113 119 Y
60 114 120 Y
61 121 127 N
62 122 128 N
63 123 129 N
64 124 130 N
65 125 131 N
66 126 132 N
67 133 134 135 136 Y
68 137 138 139 140 Y