1 1 50 95
2 1 20 5
3 1 50 5
4 1 80 5
5 1 20 35
6 1 50 35
7 1 80 35
8 1 20 65
9 1 50 65
10 1 80 65
11 2 95 50
12 1 15 5
13 1 45 5
14 1 75 5
15 1 15 35
16 1 45 35
17 1 75 35
18 1 15 65
19 1 45 65
20 1 75 65
21 2 5 50
22 2 25 5
23 2 55 5 
24 2 85 5
25 2 25 35
26 2 55 35
27 2 85 35
28 2 25 65
29 2 55 65
30 2 85 65
31 2 1 1
32 2 2 2
33 2 3 3
34 2 4 4
35 2 5 5
36 2 6 6
37 2 7 7
38 2 8 8
39 2 9 9
40 1 15 7
41 1 91 91
42 1 92 92
43 1 93 93
44 1 94 94
45 1 95 95
46 1 96 96
47 1 97 97
48 1 98 98
49 1 99 99
50 2 85 95
51 1 1 91
52 1 2 92
53 1 3 93
54 1 4 94
55 1 5 95
56 1 6 96
57 1 7 97
58 1 8 98
59 1 9 99
60 2 15 95
61 2 99 9
62 2 98 8
63 2 97 7
64 2 96 6
65 2 95 5
66 2 94 4
67 2 93 3
68 2 92 2
69 2 91 1
70 1 95 15
71 2 32 20
72 2 34 20
73 2 36 20
74 2 38 20
75 2 32 50
76 2 34 50
77 2 36 50
78 2 38 50
79 2 32 80
80 2 34 80
81 2 36 80
82 2 38 80
83 2 62 20
84 2 64 20
85 2 66 20
86 2 68 20
87 2 62 50
88 2 64 50
89 2 66 50
90 2 68 50
91 2 62 80
92 2 64 80
93 2 66 80
94 2 68 80
95 1 38 38
96 1 68 38
97 2 68 68
98 2 32 32
99 2 32 68
100 1 66 66